A = rand(10);
x = ones(10,1);
b = A*x;
tau = 1e-3;
kmax = 100;
x0 = zeros(10,1);
[x,k] = jacobi(A,b,x0,tau,kmax);
k

k =

   100

x

x =

  1.0e+124 *

   -0.2518
   -0.1012
   -0.2015
   -2.7112
   -0.7640
   -0.4184
   -0.3889
   -0.5760
   -0.6446
   -0.3226

clear
clc


test_jacobi
err

err =

   1.5242e-04

k

k =

     8

xj

xj =

    0.9998
    0.9998
    0.9998
    0.9998
    0.9998
    0.9998
    0.9998
    0.9998
    0.9998
    0.9998

clear
clc
test_jacobi
err

err =

   1.8817e-06

k

k =

    12

xj

xj =

    1.0000
    1.0000
    1.0000
    1.0000
    1.0000
    1.0000
    1.0000
    1.0000
    1.0000
    1.0000

format long
xj

xj =

   0.999998118323577
   0.999998118323577
   0.999998118323577
   0.999998118323577
   0.999998118323577
   0.999998118323577
   0.999998118323577
   0.999998118323577
   0.999998118323577
   0.999998118323577

clear
clc
test_gs
err

err =

     2.063074675103854e-07

k

k =

     6

xj

xj =

   0.999999736276536
   0.999999569672641
   0.999999788867923
   0.999999680078398
   0.999999888216049
   0.999999965770601
   1.000000048013477
   1.000000064475666
   1.000000053560844
   1.000000031160092

clear
clc
test_metodi_iter
err_gs

err_gs =

     1.208702855311383e-07

err_j

err_j =

     1.881676423154399e-06

kj

kj =

    12

kgs

kgs =

     6

