A = [1,2,3;4 5 6;7 8 9]

A =

     1     2     3
     4     5     6
     7     8     9

A = [1,2,3;4 5;7 8 9]
{Error using <a href="matlab:matlab.internal.language.introspective.errorDocCallback('vertcat')" style="font-weight:bold">vertcat</a>
Dimensions of arrays being concatenated are not consistent.
} 
x = [1;4;6;23;98]

x =

     1
     4
     6
    23
    98

y = [21 34 2 1 -9]'

y =

    21
    34
     2
     1
    -9

I = eye(7)

I =

     1     0     0     0     0     0     0
     0     1     0     0     0     0     0
     0     0     1     0     0     0     0
     0     0     0     1     0     0     0
     0     0     0     0     1     0     0
     0     0     0     0     0     1     0
     0     0     0     0     0     0     1

B = zeros(5,4)

B =

     0     0     0     0
     0     0     0     0
     0     0     0     0
     0     0     0     0
     0     0     0     0

B = zeros(5,5)

B =

     0     0     0     0     0
     0     0     0     0     0
     0     0     0     0     0
     0     0     0     0     0
     0     0     0     0     0

B = zeros(5)

B =

     0     0     0     0     0
     0     0     0     0     0
     0     0     0     0     0
     0     0     0     0     0
     0     0     0     0     0

C = ones(3,4)

C =

     1     1     1     1
     1     1     1     1
     1     1     1     1

C = ones(3)

C =

     1     1     1
     1     1     1
     1     1     1

D = 23*ones(6)

D =

    23    23    23    23    23    23
    23    23    23    23    23    23
    23    23    23    23    23    23
    23    23    23    23    23    23
    23    23    23    23    23    23
    23    23    23    23    23    23

R = rand(5,6)

R =

    0.8147    0.0975    0.1576    0.1419    0.6557    0.7577
    0.9058    0.2785    0.9706    0.4218    0.0357    0.7431
    0.1270    0.5469    0.9572    0.9157    0.8491    0.3922
    0.9134    0.9575    0.4854    0.7922    0.9340    0.6555
    0.6324    0.9649    0.8003    0.9595    0.6787    0.1712

S = randi([2,100],6,8)

S =

    71    70    77    72    13    76    56    82
     5    33    80    76    51    27    15    26
    29    96    20    29    97    52    16    93
     6     5    50    69    35    71    27    36
    11    45    46    66    59    90    85    21
    83    39    65    18    24    96    27    26

S = randi(100,6,8)

S =

    62    92     8    57    32    69    16    11
    48    29     6    47    53    75    83    97
    36    76    54     2    17    46    54     1
    84    76    78    34    61     9   100    78
    59    39    94    17    27    23     8    82
    55    57    13    80    66    92    45    87

T = randn(4,5)

T =

   -1.0582   -0.2779   -0.8236    0.0335   -0.2991
   -0.4686    0.7015   -1.5771   -1.3337    0.0229
   -0.2725   -2.0518    0.5080    1.1275   -0.2620
    1.0984   -0.3538    0.2820    0.3502   -1.7502

whos
  Name      Size            Bytes  Class     Attributes

  A         3x3                72  double              
  B         5x5               200  double              
  C         3x3                72  double              
  D         6x6               288  double              
  I         7x7               392  double              
  R         5x6               240  double              
  S         6x8               384  double              
  T         4x5               160  double              
  x         5x1                40  double              
  y         5x1                40  double              

E = A+C

E =

     2     3     4
     5     6     7
     8     9    10

z = x+y

z =

    22
    38
     8
    24
    89

w = [3 1 54 -2 1]

w =

     3     1    54    -2     1

x+w

ans =

     4     2    55    -1     2
     7     5    58     2     5
     9     7    60     4     7
    26    24    77    21    24
   101    99   152    96    99

whos
  Name      Size            Bytes  Class     Attributes

  A         3x3                72  double              
  B         5x5               200  double              
  C         3x3                72  double              
  D         6x6               288  double              
  E         3x3                72  double              
  I         7x7               392  double              
  R         5x6               240  double              
  S         6x8               384  double              
  T         4x5               160  double              
  ans       5x5               200  double              
  w         1x5                40  double              
  x         5x1                40  double              
  y         5x1                40  double              
  z         5x1                40  double              

U = T*B

U =

     0     0     0     0     0
     0     0     0     0     0
     0     0     0     0     0
     0     0     0     0     0

B*T
{Error using <a href="matlab:matlab.internal.language.introspective.errorDocCallback('mtimes')" style="font-weight:bold"> * </a>
Incorrect dimensions for matrix multiplication. Check that the number of
columns in the first matrix matches the number of rows in the second matrix.
To perform elementwise multiplication, use '.*'.

<a href="matlab:helpview('matlab','error_innerdim')" style="font-weight:bold">Related documentation</a>
} 
C^2

ans =

     3     3     3
     3     3     3
     3     3     3

C

C =

     1     1     1
     1     1     1
     1     1     1

C.^2

ans =

     1     1     1
     1     1     1
     1     1     1

x.^2

ans =

           1
          16
          36
         529
        9604

x

