A = rand(6)

A =

    0.8147    0.2785    0.9572    0.7922    0.6787    0.7060
    0.9058    0.5469    0.4854    0.9595    0.7577    0.0318
    0.1270    0.9575    0.8003    0.6557    0.7431    0.2769
    0.9134    0.9649    0.1419    0.0357    0.3922    0.0462
    0.6324    0.1576    0.4218    0.8491    0.6555    0.0971
    0.0975    0.9706    0.9157    0.9340    0.1712    0.8235

b = rand(6,1)

b =

    0.6948
    0.3171
    0.9502
    0.0344
    0.4387
    0.3816

x = A\b

x =

   -0.6617
   -0.0122
   -0.4586
   -0.2055
    1.7327
    0.9390

%x = inv(A)*b
A*x

ans =

    0.6948
    0.3171
    0.9502
    0.0344
    0.4387
    0.3816

b

b =

    0.6948
    0.3171
    0.9502
    0.0344
    0.4387
    0.3816

norm(A*x - b,inf)

ans =

   1.1102e-16

x = A\b

x =

   -0.6617
   -0.0122
   -0.4586
   -0.2055
    1.7327
    0.9390

x = ones(6,1)

x =

     1
     1
     1
     1
     1
     1

b = A*x

b =

    4.2274
    3.6871
    3.5606
    2.4943
    2.8135
    3.9125

x1 = A\b

x1 =

    1.0000
    1.0000
    1.0000
    1.0000
    1.0000
    1.0000

norm(x-x1,inf)

ans =

   8.4377e-15

cond(A,2)

ans =

   91.4705

A = rand(100);
x = ones(100,1);
b = A*x;
x1 = A\b;
norm(x-x1,inf)

ans =

   1.0658e-13

cond(A,2)

ans =

   1.1478e+03

norm(A*x1 - b,inf)

ans =

   4.2633e-14

cond(A)

ans =

   1.1478e+03

cond(A,1)

ans =

   3.3102e+03

cond(A,inf)

ans =

   3.0865e+03

clear,clc
test_diag
{Error using <a href="matlab:matlab.internal.language.introspective.errorDocCallback('test_diag', 'C:\Users\LabT_Pal_Sc\Desktop\CSMN_2223\Lezione5\test_diag.m', 8)" style="font-weight:bold">test_diag</a> (<a href="matlab: opentoline('C:\Users\LabT_Pal_Sc\Desktop\CSMN_2223\Lezione5\test_diag.m',8,0)">line 8</a>)
Determinante nullo!
} 
test_diag
{Error using <a href="matlab:matlab.internal.language.introspective.errorDocCallback('test_diag', 'C:\Users\LabT_Pal_Sc\Desktop\CSMN_2223\Lezione5\test_diag.m', 8)" style="font-weight:bold">test_diag</a> (<a href="matlab: opentoline('C:\Users\LabT_Pal_Sc\Desktop\CSMN_2223\Lezione5\test_diag.m',8,0)">line 8</a>)
Determinante nullo!
} 
test_diag

ans =

     0

test_diag
{Error using <a href="matlab:matlab.internal.language.introspective.errorDocCallback('test_diag', 'C:\Users\LabT_Pal_Sc\Desktop\CSMN_2223\Lezione5\test_diag.m', 11)" style="font-weight:bold">test_diag</a> (<a href="matlab: opentoline('C:\Users\LabT_Pal_Sc\Desktop\CSMN_2223\Lezione5\test_diag.m',11,0)">line 11</a>)
Determinante nullo!
} 
test_diag
{Error using <a href="matlab:matlab.internal.language.introspective.errorDocCallback('test_diag', 'C:\Users\LabT_Pal_Sc\Desktop\CSMN_2223\Lezione5\test_diag.m', 11)" style="font-weight:bold">test_diag</a> (<a href="matlab: opentoline('C:\Users\LabT_Pal_Sc\Desktop\CSMN_2223\Lezione5\test_diag.m',11,0)">line 11</a>)
Determinante nullo!
} 
test_diag
{Error using <a href="matlab:matlab.internal.language.introspective.errorDocCallback('test_diag', 'C:\Users\LabT_Pal_Sc\Desktop\CSMN_2223\Lezione5\test_diag.m', 11)" style="font-weight:bold">test_diag</a> (<a href="matlab: opentoline('C:\Users\LabT_Pal_Sc\Desktop\CSMN_2223\Lezione5\test_diag.m',11,0)">line 11</a>)
Determinante nullo!
} 
test_diag
{Error using <a href="matlab:matlab.internal.language.introspective.errorDocCallback('test_diag', 'C:\Users\LabT_Pal_Sc\Desktop\CSMN_2223\Lezione5\test_diag.m', 11)" style="font-weight:bold">test_diag</a> (<a href="matlab: opentoline('C:\Users\LabT_Pal_Sc\Desktop\CSMN_2223\Lezione5\test_diag.m',11,0)">line 11</a>)
Determinante nullo!
} 
test_diag

ans =

     0

test_diag

ans =

     0

test_diag

ans =

     0

test_diag
{Error using <a href="matlab:matlab.internal.language.introspective.errorDocCallback('test_diag', 'C:\Users\LabT_Pal_Sc\Desktop\CSMN_2223\Lezione5\test_diag.m', 11)" style="font-weight:bold">test_diag</a> (<a href="matlab: opentoline('C:\Users\LabT_Pal_Sc\Desktop\CSMN_2223\Lezione5\test_diag.m',11,0)">line 11</a>)
Determinante nullo!
} 
test_diag
{Error using <a href="matlab:matlab.internal.language.introspective.errorDocCallback('test_diag', 'C:\Users\LabT_Pal_Sc\Desktop\CSMN_2223\Lezione5\test_diag.m', 11)" style="font-weight:bold">test_diag</a> (<a href="matlab: opentoline('C:\Users\LabT_Pal_Sc\Desktop\CSMN_2223\Lezione5\test_diag.m',11,0)">line 11</a>)
Determinante nullo!
} 
test_diag
{Error using <a href="matlab:matlab.internal.language.introspective.errorDocCallback('test_diag', 'C:\Users\LabT_Pal_Sc\Desktop\CSMN_2223\Lezione5\test_diag.m', 11)" style="font-weight:bold">test_diag</a> (<a href="matlab: opentoline('C:\Users\LabT_Pal_Sc\Desktop\CSMN_2223\Lezione5\test_diag.m',11,0)">line 11</a>)
Determinante nullo!
} 
test_diag

ans =

     0

test_diag

ans =

     0

test_diag

ans =

     0

test_diag
{Error using <a href="matlab:matlab.internal.language.introspective.errorDocCallback('test_diag', 'C:\Users\LabT_Pal_Sc\Desktop\CSMN_2223\Lezione5\test_diag.m', 11)" style="font-weight:bold">test_diag</a> (<a href="matlab: opentoline('C:\Users\LabT_Pal_Sc\Desktop\CSMN_2223\Lezione5\test_diag.m',11,0)">line 11</a>)
Determinante nullo!
} 
test_diag

ans =

     0

test_diag

ans =

     0

test_diag

ans =

     0

test_diag
{Error using <a href="matlab:matlab.internal.language.introspective.errorDocCallback('test_diag', 'C:\Users\LabT_Pal_Sc\Desktop\CSMN_2223\Lezione5\test_diag.m', 11)" style="font-weight:bold">test_diag</a> (<a href="matlab: opentoline('C:\Users\LabT_Pal_Sc\Desktop\CSMN_2223\Lezione5\test_diag.m',11,0)">line 11</a>)
Determinante nullo!
} 
test_diag

ans =

     0

edit backslash
test_diag
{Error using <a href="matlab:matlab.internal.language.introspective.errorDocCallback('test_diag', 'C:\Users\LabT_Pal_Sc\Desktop\CSMN_2223\Lezione5\test_diag.m', 12)" style="font-weight:bold">test_diag</a> (<a href="matlab: opentoline('C:\Users\LabT_Pal_Sc\Desktop\CSMN_2223\Lezione5\test_diag.m',12,0)">line 12</a>)
Determinante nullo!
} 
test_diag

ans =

     0

clear,clc
test_diag

ans =

     0

test_diag
{Error using <a href="matlab:matlab.internal.language.introspective.errorDocCallback('sist_diag', 'C:\Users\LabT_Pal_Sc\Desktop\CSMN_2223\Lezione5\sist_diag.m', 6)" style="font-weight:bold">sist_diag</a> (<a href="matlab: opentoline('C:\Users\LabT_Pal_Sc\Desktop\CSMN_2223\Lezione5\sist_diag.m',6,0)">line 6</a>)
Determinante nullo!

Error in <a href="matlab:matlab.internal.language.introspective.errorDocCallback('test_diag', 'C:\Users\LabT_Pal_Sc\Desktop\CSMN_2223\Lezione5\test_diag.m', 11)" style="font-weight:bold">test_diag</a> (<a href="matlab: opentoline('C:\Users\LabT_Pal_Sc\Desktop\CSMN_2223\Lezione5\test_diag.m',11,0)">line 11</a>)
x1 = sist_diag(D,b);
} 
test_diag

